(0000000)  -> (0000000),
(0000001)  -> (0000001), (0000010), (0000100), (0001000), (0010000), (0100000), (1000000),
(0000010)  -> (0000001), (0000010), (0000100), (0001000), (0010000), (0100000), (1000000),
(0000011)  -> (0000001), (0000010), (0000100), (0001000), (0010000), (1000000),
(0000100)  -> (0000001), (0000010), (0000100), (0001000), (0010000), (0100000), (1000000),
(0000101)  -> (0000010), (0000100), (0001000), (0010000), (0100000), (1000001),
(0000110)  -> (0000010), (0000100), (0001000), (0010001), (0100000), (1000000),
(0000111)  -> (0000011), (0000101), (0000110), (0001000), (0010001), (0010010), (0010100), (0100001), (0100010), (0100100), (0110000), (1000001), (1000010), (1000100), (1010000), (1100000),
(0001000)  -> (0000001), (0000010), (0000100), (0001000), (0010000), (0100000), (1000000),
(0001001)  -> (0000010), (0000100), (0001001), (0010000), (0100000), (1000000),
(0001010)  -> (0000001), (0000110), (0001000), (0010000), (0100000), (1000000),
(0001011)  -> (0000011), (0000101), (0000110), (0001001), (0001010), (0001100), (0010001), (0010010), (0010100), (0011000), (0100001), (0100010), (0100100), (0101000), (0110000), (1000000),
(0001100)  -> (0000011), (0000100), (0001000), (0010000), (0100000), (1000000),
(0001101)  -> (0000011), (0000101), (0000110), (0001001), (0001010), (0001100), (0010001), (0010010), (0010100), (0011000), (0100001), (0100010), (0100100), (0101000), (0110000), (1000001), (1000010), (1000100), (1001000), (1010000), (1100000),
(0001110)  -> (0000011), (0000101), (0000110), (0001001), (0001010), (0001100), (0010001), (0010010), (0010100), (0011000), (0100000), (1000001), (1000010), (1000100), (1001000), (1010000),
(0001111)  -> (0000011), (0000101), (0000110), (0001001), (0001100), (0010001), (0010010), (0010100), (0011000), (0100001), (0100010), (0100100), (1000001), (1000010), (1000100), (1001000), (1010000), (1100000),
(0010000)  -> (0000001), (0000010), (0000100), (0001000), (0010000), (0100000), (1000000),
(0010001)  -> (0000001), (0000010), (0000100), (0010000), (0100000), (1000000),
(0010010)  -> (0000001), (0000100), (0001000), (0010000), (0100010), (1000000),
(0010011)  -> (0000001), (0000110), (0001010), (0001100), (0010000), (0100010), (0100100), (0101000), (1000010), (1000100), (1001000), (1100000),
(0010100)  -> (0000001), (0000010), (0000100), (0010000), (0100000), (1001000),
(0010101)  -> (0000011), (0000101), (0000110), (0001001), (0001010), (0001100), (0010001), (0010010), (0010100), (0011000), (0100000), (1000001), (1000010), (1000100), (1001000), (1010000),
(0010110)  -> (0000011), (0000100), (0001001), (0001010), (0010001), (0010010), (0011000), (0100001), (0100010), (0101000), (0110000), (1000001), (1000010), (1001000), (1010000), (1100000),
(0010111)  -> (0000011), (0000101), (0001010), (0001100), (0010001), (0010010), (0010100), (0011000), (0100001), (0100010), (0100100), (0110000), (1000001), (1000010), (1000100), (1001000), (1010000), (1100000),
(0011000)  -> (0000001), (0000100), (0001000), (0010000), (0100000), (1000010),
(0011001)  -> (0000011), (0000100), (0001001), (0001010), (0010001), (0010010), (0011000), (0100001), (0100010), (0101000), (0110000), (1000001), (1000010), (1001000), (1010000), (1100000),
(0011010)  -> (0000011), (0000101), (0000110), (0001001), (0001010), (0001100), (0010001), (0010010), (0010100), (0011000), (0100001), (0100010), (0100100), (0101000), (0110000), (1000001), (1000010), (1000100), (1001000), (1010000), (1100000),
(0011011)  -> (0000011), (0000101), (0000110), (0001001), (0001010), (0001100), (0010001), (0010010), (0010100), (0011000), (0100001), (0100010), (0101000), (0110000), (1000001), (1000010), (1000100), (1001000), (1010000), (1100000),
(0011100)  -> (0000011), (0000101), (0000110), (0001001), (0001010), (0001100), (0010000), (0100001), (0100010), (0100100), (0101000), (1000001), (1000010), (1000100), (1001000), (1100000),
(0011101)  -> (0000101), (0000110), (0001010), (0001100), (0010001), (0010010), (0010100), (0011000), (0100001), (0100010), (0100100), (0101000), (0110000), (1000010), (1000100), (1001000), (1010000), (1100000),
(0011110)  -> (0000011), (0000101), (0000110), (0001001), (0001010), (0001100), (0010001), (0010010), (0010100), (0011000), (0100001), (0100010), (0100100), (0101000), (1000001), (1000010), (1000100), (1001000), (1010000),
(0011111)  -> (0000101), (0001011), (0001100), (0010001), (0010010), (0010100), (0011000), (0100010), (1000010), (1010000), (1100001), (1101000),
(0100000)  -> (0000001), (0000010), (0000100), (0001000), (0010000), (0100000), (1000000),
(0100001)  -> (0000010), (0000100), (0001000), (0010000), (0100000), (1000000),
(0100010)  -> (0000001), (0000010), (0000100), (0001000), (0010000), (1000000),
(0100011)  -> (0000011), (0000101), (0000110), (0001000), (0010001), (0010010), (0010100), (0100001), (0100010), (0100100), (0110000), (1000001), (1000010), (1000100), (1010000), (1100000),
(0100100)  -> (0000001), (0000010), (0000100), (0001000), (0100000), (1010000),
(0100101)  -> (0000011), (0000100), (0001001), (0001010), (0010001), (0010010), (0011000), (0100001), (0100010), (0101000), (0110000), (1000001), (1000010), (1001000), (1010000), (1100000),
(0100110)  -> (0000010), (0000101), (0001001), (0001100), (0010001), (0010100), (0011000), (0100001), (0100100), (0101000), (0110000), (1000001), (1000100), (1001000), (1010000), (1100000),
(0100111)  -> (0000011), (0000101), (0000110), (0001001), (0001010), (0001100), (0010001), (0010100), (0011000), (0100001), (0100010), (0100100), (0101000), (0110000), (1000001), (1000010), (1000100), (1001000), (1010000), (1100000),
(0101000)  -> (0000001), (0000010), (0001000), (0010000), (0100100), (1000000),
(0101001)  -> (0000010), (0000101), (0001001), (0001100), (0010001), (0010100), (0011000), (0100001), (0100100), (0101000), (0110000), (1000001), (1000100), (1001000), (1010000), (1100000),
(0101010)  -> (0000011), (0000101), (0000110), (0001001), (0001010), (0001100), (0010000), (0100001), (0100010), (0100100), (0101000), (1000001), (1000010), (1000100), (1001000), (1100000),
(0101011)  -> (0000011), (0000101), (0000110), (0001001), (0001100), (0010001), (0010010), (0010100), (0011000), (0100001), (0100010), (0100100), (0101000), (0110000), (1000001), (1000010), (1000100), (1001000), (1010000), (1100000),
(0101100)  -> (0000011), (0000101), (0000110), (0001000), (0010001), (0010010), (0010100), (0100001), (0100010), (0100100), (0110000), (1000001), (1000010), (1000100), (1010000), (1100000),
(0101101)  -> (0000011), (0000101), (0000110), (0001001), (0001010), (0001100), (0010001), (0010010), (0011000), (0100001), (0100010), (0100100), (0101000), (0110000), (1000001), (1000100), (1001000), (1010000), (1100000),
(0101110)  -> (0000011), (0000101), (0000110), (0001001), (0001010), (0001100), (0010010), (0010100), (0011000), (0100001), (0100100), (0101000), (1000001), (1000010), (1000100), (1010000), (1100000),
(0101111)  -> (0000101), (0000110), (0001011), (0001100), (0010011), (0011000), (0100100), (0101001), (0110001), (0110010), (1000001), (1000100), (1010010), (1100000),
(0110000)  -> (0000001), (0000010), (0001000), (0010000), (0100000), (1000100),
(0110001)  -> (0000011), (0000101), (0000110), (0001001), (0001010), (0001100), (0010000), (0100001), (0100010), (0100100), (0101000), (1000001), (1000010), (1000100), (1001000), (1100000),
(0110010)  -> (0000011), (0000101), (0000110), (0001000), (0010001), (0010010), (0010100), (0100001), (0100010), (0100100), (0110000), (1000001), (1000010), (1000100), (1010000), (1100000),
(0110011)  -> (0000011), (0000101), (0000110), (0001001), (0001010), (0001100), (0010001), (0010010), (0010100), (0011000), (0100001), (0100010), (0100100), (0101000), (0110000), (1000001), (1000010), (1000100), (1001000), (1010000), (1100000),
(0110100)  -> (0000011), (0000101), (0000110), (0001001), (0001010), (0001100), (0010001), (0010010), (0010100), (0011000), (0100001), (0100010), (0100100), (0101000), (0110000), (1000001), (1000010), (1000100), (1001000), (1010000), (1100000),
(0110101)  -> (0000011), (0000101), (0000110), (0001001), (0001010), (0010001), (0010010), (0010100), (0011000), (0100001), (0100010), (0100100), (0101000), (0110000), (1000001), (1000010), (1000100), (1001000), (1010000), (1100000),
(0110110)  -> (0000011), (0000101), (0000110), (0001001), (0001010), (0001100), (0010001), (0010010), (0010100), (0100001), (0100010), (0100100), (0101000), (0110000), (1000001), (1000010), (1000100), (1001000), (1010000), (1100000),
(0110111)  -> (0000011), (0000101), (0001010), (0010001), (0100001), (0100010), (0110000), (1000010), (1001001), (1001100), (1010000), (1100000),
(0111000)  -> (0000001), (0000110), (0001010), (0001100), (0010010), (0010100), (0011000), (0100010), (0100100), (0101000), (0110000), (1000010), (1000100), (1001000), (1010000), (1100000),
(0111001)  -> (0000011), (0000101), (0000110), (0001001), (0001010), (0001100), (0010001), (0010010), (0010100), (0100001), (0100010), (0100100), (0101000), (0110000), (1000001), (1000100), (1001000), (1010000), (1100000),
(0111010)  -> (0000011), (0000101), (0001001), (0001010), (0001100), (0010001), (0010010), (0010100), (0011000), (0100001), (0100100), (0101000), (0110000), (1000001), (1000100), (1001000), (1010000), (1100000),
(0111011)  -> (0000111), (0001001), (0001100), (0010001), (0010010), (0010100), (0100011), (0100110), (0101000), (1000100), (1001000), (1010000), (1100000),
(0111100)  -> (0000011), (0000101), (0000110), (0001001), (0001010), (0001100), (0010001), (0010010), (0011000), (0100001), (0100010), (0100100), (0101000), (0110000), (1000001), (1000010), (1000100), (1001000), (1010000), (1100000),
(0111101)  -> (0000111), (0001010), (0001101), (0010001), (0010010), (0100010), (0100100), (0101000), (0110000), (1000011), (1000101), (1000110), (1001000), (1010100), (1100000),
(0111110)  -> (0000011), (0000101), (0001010), (0010110), (0100001), (0101000), (0110100), (1000001), (1000100), (1010000), (1100010),
(0111111)  -> (0001111), (0110101), (0110110), (0111001), (1010111), (1100011), (1101101), (1111010),
(1000000)  -> (0000001), (0000010), (0000100), (0001000), (0010000), (0100000), (1000000),
(1000001)  -> (0000001), (0000010), (0000100), (0010000), (0100000), (1000000),
(1000010)  -> (0000001), (0000100), (0001000), (0010000), (0100000), (1000000),
(1000011)  -> (0000011), (0000100), (0001001), (0001010), (0010001), (0010010), (0011000), (0100001), (0100010), (0101000), (0110000), (1000000),
(1000100)  -> (0000001), (0000010), (0000100), (0001000), (0100000), (1000000),
(1000101)  -> (0000010), (0000101), (0001001), (0001100), (0010001), (0010100), (0011000), (0100001), (0100100), (0101000), (0110000), (1000001), (1000100), (1001000), (1010000), (1100000),
(1000110)  -> (0000011), (0000101), (0000110), (0001001), (0001010), (0001100), (0010001), (0010010), (0010100), (0011000), (0100000), (1000001), (1000010), (1000100), (1001000), (1010000),
(1000111)  -> (0000011), (0000101), (0000110), (0001001), (0001010), (0001100), (0010001), (0010010), (0010100), (0011000), (0100001), (0100010), (0100100), (0110000), (1000001), (1000010), (1000100), (1001000), (1010000), (1100000),
(1001000)  -> (0000001), (0000010), (0001000), (0010000), (0100000), (1000000),
(1001001)  -> (0000011), (0000101), (0000110), (0001001), (0001010), (0001100), (0010000), (0100000), (1000001), (1000010), (1000100), (1001000),
(1001010)  -> (0000011), (0000101), (0000110), (0001000), (0010001), (0010010), (0010100), (0100001), (0100010), (0100100), (0110000), (1000001), (1000010), (1000100), (1010000), (1100000),
(1001011)  -> (0000011), (0000101), (0000110), (0001001), (0001010), (0010001), (0010010), (0010100), (0011000), (0100001), (0100010), (0100100), (0101000), (0110000), (1000010), (1000100), (1001000), (1010000), (1100000),
(1001100)  -> (0000011), (0000101), (0000110), (0001001), (0001010), (0001100), (0010001), (0010010), (0010100), (0011000), (0100001), (0100010), (0100100), (0101000), (0110000), (1000000),
(1001101)  -> (0000011), (0000101), (0000110), (0001001), (0001010), (0001100), (0010001), (0010010), (0010100), (0011000), (0100001), (0100010), (0100100), (0101000), (1000001), (1000010), (1000100), (1010000), (1100000),
(1001110)  -> (0000011), (0000101), (0000110), (0001001), (0001010), (0001100), (0010010), (0010100), (0011000), (0100001), (0100010), (0100100), (0101000), (0110000), (1000001), (1000010), (1000100), (1001000), (1010000), (1100000),
(1001111)  -> (0000011), (0001001), (0001110), (0010010), (0010101), (0011000), (0100001), (0100010), (0100100), (1000100), (1010000), (1100000),
(1010000)  -> (0000001), (0000010), (0000100), (0011000), (0100000), (1000000),
(1010001)  -> (0000011), (0000101), (0000110), (0001001), (0001010), (0001100), (0010001), (0010010), (0010100), (0011000), (0100001), (0100010), (0100100), (0101000), (0110000), (1000001), (1000010), (1000100), (1001000), (1010000), (1100000),
(1010010)  -> (0000011), (0000101), (0000110), (0001001), (0001010), (0001100), (0010001), (0010010), (0010100), (0011000), (0100001), (0100010), (0100100), (0101000), (0110000), (1000000),
(1010011)  -> (0000011), (0000101), (0000110), (0001001), (0001010), (0001100), (0010001), (0010010), (0010100), (0011000), (0100001), (0100010), (0100100), (0101000), (0110000), (1000001), (1000010), (1000100), (1001000), (1010000), (1100000),
(1010100)  -> (0000001), (0000110), (0001010), (0001100), (0010010), (0010100), (0011000), (0100010), (0100100), (0101000), (0110000), (1000010), (1000100), (1001000), (1010000), (1100000),
(1010101)  -> (0000011), (0000101), (0000110), (0001001), (0001010), (0001100), (0010001), (0010100), (0011000), (0100001), (0100010), (0100100), (0101000), (1000001), (1000010), (1000100), (1001000), (1010000), (1100000),
(1010110)  -> (0000011), (0000101), (0000110), (0001001), (0001010), (0001100), (0010001), (0010010), (0010100), (0011000), (0100001), (0100010), (0100100), (0101000), (0110000), (1000001), (1000010), (1000100), (1001000), (1010000),
(1010111)  -> (0000101), (0001010), (0001100), (0010001), (0010100), (0011000), (0100010), (0100100), (0101001), (1000001), (1000100), (1001000), (1010000),
(1011000)  -> (0000011), (0000101), (0000110), (0001001), (0001010), (0001100), (0010001), (0010010), (0010100), (0011000), (0100000), (1000001), (1000010), (1000100), (1001000), (1010000),
(1011001)  -> (0000011), (0000101), (0000110), (0001001), (0001010), (0001100), (0010001), (0010010), (0010100), (0011000), (0100001), (0100010), (0100100), (0101000), (0110000), (1000001), (1000010), (1000100), (1001000), (1010000), (1100000),
(1011010)  -> (0000011), (0000101), (0000110), (0001001), (0001010), (0001100), (0010001), (0010010), (0010100), (0011000), (0100001), (0100010), (0100100), (0101000), (0110000), (1000001), (1000010), (1001000), (1010000), (1100000),
(1011011)  -> (0000011), (0000101), (0001001), (0001010), (0010001), (0010010), (0010100), (0100010), (0101000), (0110000), (1000110), (1010000),
(1011100)  -> (0000101), (0000110), (0001001), (0001010), (0001100), (0010001), (0010010), (0010100), (0011000), (0100001), (0100010), (0101000), (0110000), (1000001), (1000010), (1000100), (1001000), (1100000),
(1011101)  -> (0000110), (0001010), (0001100), (0010100), (0011001), (0100001), (0100010), (0111000), (1000010), (1000100), (1001001), (1010001), (1011000), (1100000),
(1011110)  -> (0000101), (0000110), (0001001), (0001010), (0001100), (0010011), (0010100), (0011000), (0100001), (0101000), (0110010), (1000011), (1001000), (1010001), (1100010),
(1011111)  -> (0011011), (0101111), (0111100), (1010101), (1011110), (1101001), (1110011),
(1100000)  -> (0000001), (0000010), (0001100), (0010000), (0100000), (1000000),
(1100001)  -> (0000011), (0000101), (0000110), (0001001), (0001010), (0001100), (0010001), (0010010), (0010100), (0011000), (0100001), (0100010), (0100100), (0101000), (0110000), (1000000),
(1100010)  -> (0000001), (0000110), (0001010), (0001100), (0010010), (0010100), (0011000), (0100010), (0100100), (0101000), (0110000), (1000010), (1000100), (1001000), (1010000), (1100000),
(1100011)  -> (0000011), (0000101), (0000110), (0001001), (0001010), (0001100), (0010001), (0010010), (0010100), (0011000), (0100001), (0100010), (0100100), (0110000), (1000001), (1000010), (1000100), (1001000), (1010000), (1100000),
(1100100)  -> (0000011), (0000101), (0000110), (0001001), (0001010), (0001100), (0010001), (0010010), (0010100), (0011000), (0100000), (1000001), (1000010), (1000100), (1001000), (1010000),
(1100101)  -> (0000011), (0000101), (0000110), (0001001), (0001010), (0001100), (0010001), (0010100), (0011000), (0100001), (0100010), (0100100), (0101000), (0110000), (1000001), (1000010), (1000100), (1001000), (1010000), (1100000),
(1100110)  -> (0000011), (0000101), (0000110), (0001001), (0001010), (0001100), (0010001), (0010010), (0010100), (0011000), (0100001), (0100010), (0100100), (0101000), (0110000), (1000001), (1000010), (1000100), (1001000), (1010000), (1100000),
(1100111)  -> (0000101), (0000110), (0001001), (0001010), (0001100), (0010001), (0010100), (0011000), (0100001), (0100010), (0110000), (1000001), (1000010), (1000100), (1001000), (1100000),
(1101000)  -> (0000011), (0000101), (0000110), (0001001), (0001010), (0001100), (0010001), (0010010), (0010100), (0011000), (0100001), (0100010), (0100100), (0101000), (0110000), (1000001), (1000010), (1000100), (1001000), (1010000), (1100000),
(1101001)  -> (0000011), (0000101), (0000110), (0001001), (0001010), (0001100), (0010001), (0010010), (0010100), (0011000), (0100001), (0100010), (0100100), (0101000), (0110000), (1000001), (1000010), (1000100), (1001000), (1010000), (1100000),
(1101010)  -> (0000011), (0000101), (0000110), (0001001), (0001010), (0001100), (0010001), (0010010), (0010100), (0011000), (0100010), (0100100), (0110000), (1000001), (1000010), (1000100), (1001000), (1010000), (1100000),
(1101011)  -> (0000101), (0000110), (0001001), (0010010), (0010100), (0011000), (0100010), (0100100), (0110000), (1000010), (1000100), (1001000), (1010000), (1100000),
(1101100)  -> (0000011), (0000101), (0000110), (0001001), (0001010), (0001100), (0010001), (0010010), (0010100), (0011000), (0100001), (0100010), (0100100), (0101000), (0110000), (1000001), (1000010), (1000100), (1001000), (1010000), (1100000),
(1101101)  -> (0000101), (0001001), (0001100), (0010001), (0011000), (0100001), (0100010), (0101000), (1000011), (1010000), (1100000),
(1101110)  -> (0000011), (0000101), (0001001), (0001010), (0010010), (0010100), (0100110), (0101100), (1000001), (1000010), (1000100), (1010000), (1100000),
(1101111)  -> (0011110), (0110101), (0111011), (1011101), (1100111), (1101100), (1110010),
(1110000)  -> (0000001), (0000010), (0001100), (0010100), (0011000), (0100100), (0101000), (0110000), (1000100), (1001000), (1010000), (1100000),
(1110001)  -> (0000011), (0000101), (0000110), (0001001), (0001010), (0001100), (0010001), (0010010), (0010100), (0011000), (0100001), (0100010), (0100100), (0101000), (0110000), (1000001), (1000010), (1000100), (1001000), (1010000), (1100000),
(1110010)  -> (0000011), (0000101), (0000110), (0001001), (0001010), (0001100), (0010001), (0010010), (0010100), (0011000), (0100001), (0100010), (0100100), (0101000), (0110000), (1000001), (1000010), (1001000), (1010000), (1100000),
(1110011)  -> (0000011), (0000101), (0000110), (0001010), (0001100), (0010001), (0010010), (0010100), (0100100), (0110000), (1000001), (1000010), (1001000), (1010000),
(1110100)  -> (0000011), (0000101), (0000110), (0001001), (0001010), (0001100), (0010001), (0010010), (0010100), (0011000), (0100001), (0100010), (0100100), (0101000), (0110000), (1000001), (1000010), (1100000),
(1110101)  -> (0000011), (0000110), (0001001), (0010001), (0010100), (0011000), (0100001), (0101100), (0110010), (1000001), (1000010), (1001100), (1100100), (1101000), (1110000),
(1110110)  -> (0000011), (0000101), (0001001), (0001100), (0010100), (0100001), (0100010), (0100100), (0101000), (0110000), (1000001), (1001010), (1010010), (1011000),
(1110111)  -> (0001111), (0101011), (0110101), (0110110), (0111001), (0111010), (1001110), (1010111), (1011011), (1100011), (1100101), (1110100), (1111000),
(1111000)  -> (0000011), (0000101), (0000110), (0001001), (0001010), (0001100), (0010001), (0010010), (0010100), (0011000), (0100001), (0100010), (0100100), (0101000), (0110000), (1000001), (1000010), (1000100), (1001000), (1010000), (1100000),
(1111001)  -> (0000011), (0000101), (0000110), (0010001), (0010100), (0100001), (0100010), (0101000), (1000001), (1000100), (1001000), (1100000),
(1111010)  -> (0000011), (0001110), (0010001), (0010100), (0011000), (0100100), (0101001), (0101010), (0110000), (1000001), (1000110), (1001010), (1001100), (1010000), (1100000),
(1111011)  -> (0011011), (0011101), (0101101), (0101110), (0110111), (1000111), (1010101), (1010110), (1011010), (1101001), (1101010), (1110011), (1111100),
(1111100)  -> (0000110), (0001001), (0001010), (0001100), (0010001), (0010010), (0110000), (1000001), (1000010), (1010100), (1100000),
(1111101)  -> (0001111), (0100111), (0110101), (0110110), (0111011), (1001101), (1010011), (1100011), (1101110), (1110100), (1111001),
(1111110)  -> (0011011), (0110011), (0111101), (0111110), (1001111), (1010101), (1010110), (1011001), (1101001), (1101010),
(1111111)  -> (1111111),
